-0.983 -1.939
0.406 3.031
-0.849 -1.457
-1.189 -2.674
0.172 2.196
-1.516 -3.845
0.286 2.602
-0.474 -0.118
0.162 2.16
0.312 2.696
1.268 6.114
-0.092 1.249
1.641 7.45
1.563 7.171
0.244 2.454
0.72 4.154
-0.784 -1.226
-0.707 -0.95
0.533 3.485
-0.184 0.923
1.044 5.316
-0.013 1.532
1.177 5.789
-0.357 0.301
0.452 3.196
-0.721 -1.0
-0.254 0.672
-1.2 -2.712
-1.967 -5.457
0.307 2.677
1.143 5.67
0.919 4.868
1.795 8.001
0.632 3.842
0.298 2.644
-0.449 -0.025
0.764 4.314
0.453 3.2
-0.121 1.148
1.78 7.946
0.449 3.186
0.038 1.716
-0.969 -1.886
-1.022 -2.077
-0.431 0.037
-0.731 -1.037
0.652 3.913
-0.514 -0.26
0.137 2.071
0.205 2.314
