0.645 1.538
-0.257 -1.272
0.832 1.625
0.953 -0.357
-1.133 2.026
1.106 0.83
-0.147 1.839
2.169 -1.178
-0.369 0.213
0.527 0.791
0.436 0.276
1.504 2.144
0.987 0.176
0.88 0.464
1.384 -0.856
1.599 3.617
0.288 2.126
1.732 1.046
1.578 0.814
2.603 -0.206
0.109 0.762
2.466 0.804
2.758 0.949
0.83 -0.253
0.309 0.279
-0.433 -0.851
-0.192 0.188
2.23 0.779
-0.047 0.62
0.279 2.075
1.426 1.32
-0.684 0.425
0.398 1.928
2.571 0.162
0.791 0.331
0.105 0.441
0.538 2.511
0.317 -0.156
2.397 1.037
0.849 -0.5
1.817 0.264
-0.024 2.172
1.715 -0.296
1.06 -0.398
-0.255 0.022
1.581 -1.4
-0.83 0.812
1.706 0.892
2.483 0.936
1.791 0.943
