1.121 1
-0.796 1
-1.279 1
-0.299 1
2.733 1
0.297 1
0.157 1
-1.848 1
0.555 1
1.142 1
-1.244 1
-1.288 1
-0.162 1
1.469 1
1.177 1
1.926 1
-0.058 1
0.245 1
0.623 1
-1.241 1
0.825 1
-0.379 1
-0.125 1
-0.516 1
-0.87 1
0.877 1
-1.229 1
0.2 1
0.176 1
0.787 1
0.425 1
-0.923 1
-1.78 1
-0.254 1
0.191 1
2.524 1
-0.979 1
0.087 1
-0.976 1
-1.581 1
-0.176 1
-0.418 1
1.115 1
1.336 1
-0.37 1
-1.229 1
-0.443 1
-0.716 1
0.583 1
1.064 1
-4.742 2
2.494 2
-9.332 2
-3.396 2
3.685 2
-7.501 2
5.041 2
-1.314 2
0.266 2
8.722 2
2.669 2
-2.713 2
4.281 2
-5.109 2
-2.204 2
-11.721 2
0.206 2
0.565 2
0.284 2
-9.867 2
-3.435 2
-3.992 2
2.235 2
-2.806 2
-1.347 2
-10.182 2
4.447 2
2.211 2
-2.026 2
-0.732 2
3.827 2
2.397 2
-3.47 2
-3.03 2
9.919 2
-6.678 2
-2.085 2
-2.799 2
3.185 2
-0.69 2
0.621 2
0.251 2
4.407 2
5.139 2
3.479 2
-5.251 2
0.446 2
5.679 2
0.695 2
7.103 2
